1	123456
2	123456789
3	picture1
4	password
5	12345678
6	111111
7	123123
8	12345
9	1234567890
10	senha
11	1234567
12	qwerty
13	abc123
14	Million2
15	000000
16	1234
17	iloveyou
18	aaron431
19	password1
20	qqww1122
1	123456
2	123456789
3	picture1
4	password
5	12345678
6	111111
7	123123
8	12345
9	1234567890
10	senha
11	1234567
12	qwerty
13	abc123
14	Million2
15	000000
16	1234
17	iloveyou
18	aaron431
19	password1
20	qqww1122
1	123456
2	123456789
3	picture1
4	password
5	12345678
6	111111
7	123123
8	12345
9	1234567890
10	senha
11	1234567
12	qwerty
13	abc123
14	Million2
15	000000
16	1234
17	iloveyou
18	aaron431
19	password1
20	qqww1122
1	123456
2	123456789
3	picture1
4	password
5	12345678
6	111111
7	123123
8	12345
9	1234567890
10	senha
11	1234567
12	qwerty
13	abc123
14	Million2
15	000000
16	1234
17	iloveyou
18	aaron431
19	password1
20	qqww1122
1	123456
2	123456789
3	picture1
4	password
5	12345678
6	111111
7	123123
8	12345
9	1234567890
10	senha
11	1234567
12	qwerty
13	abc123
14	Million2
15	000000
16	1234
17	iloveyou
18	aaron431
19	password1
20	qqww1122
1	123456
2	123456789
3	picture1
4	password
5	12345678
6	111111
7	123123
8	12345
9	1234567890
10	senha
11	1234567
12	qwerty
13	abc123
14	Million2
15	000000
16	1234
17	iloveyou
18	aaron431
19	password1
20	qqww1122

